Successfully Imported ../data/MNIST/train-images.gz
Extracting ../data/MNIST/train-images.gz
Successfully Imported ../data/MNIST/train-labels.gz
Extracting ../data/MNIST/train-labels.gz
Successfully Imported ../data/MNIST/test-images.gz
Extracting ../data/MNIST/test-images.gz
Successfully Imported ../data/MNIST/test-labels.gz
Extracting ../data/MNIST/test-labels.gz
train_images size is (28, 28, 1)
Epoch: 0001 cost= 160.076501520
Epoch: 0011 cost= 2.106091273
Epoch: 0021 cost= 0.059769051
Epoch: 0031 cost= 2.909858349
Epoch: 0041 cost= 0.019616292
Epoch: 0051 cost= 0.002549839
Epoch: 0061 cost= 0.011088596
Epoch: 0071 cost= 0.001276654
Epoch: 0081 cost= 0.139693169
Epoch: 0091 cost= 0.004133107
optimization Finished
Accuracy :  0.9853
W1_arr (784, 1000) is [[-0.02308016 -0.01103532  0.00298919 ...  0.00868712 -0.01027705
  -0.00170626]
 [ 0.01883339 -0.01739853 -0.02318266 ...  0.00074509 -0.00122126
   0.00245491]
 [ 0.00540502 -0.02101506  0.00714282 ...  0.00300029  0.0206655
  -0.01481763]
 ...
 [-0.01648809  0.00266103  0.0052646  ... -0.00347536  0.01533468
   0.00035209]
 [ 0.00434569 -0.01485175 -0.00249617 ... -0.00705109  0.00625652
  -0.00441049]
 [ 0.00177235  0.01875028 -0.00781551 ... -0.0025571   0.01265223
   0.01434736]]
B1_arr (1000,) is [ 1.07885867e-01  5.03533892e-02  1.38433099e-01 -4.77994047e-02
 -9.96042565e-02 -9.79589596e-02  8.54659919e-03  1.06765069e-02
  1.18670486e-01 -1.73654690e-01 -9.73702297e-02  2.18635034e-02
 -1.11866117e-01 -7.53722191e-02 -8.25962499e-02  1.56988427e-01
 -7.20069918e-04 -1.09785479e-02  1.26905795e-02 -4.16480377e-02
 -8.07979051e-03  2.12474503e-02 -1.59881748e-02  3.95844206e-02
  1.25943124e-02 -7.60919377e-02 -1.21205829e-01 -6.41709790e-02
 -1.05472714e-01  3.67968269e-02 -1.89584345e-01 -1.51275784e-01
  1.89993232e-01  6.12198897e-02 -7.94828311e-02 -4.94242692e-03
 -1.19843997e-01 -2.08748039e-02 -1.07832372e-01  3.06439977e-02
  4.19136062e-02 -2.37232342e-01  5.76408282e-02 -7.18769804e-02
 -3.27970088e-02 -9.41526890e-03 -1.37493744e-01  6.17183335e-02
  1.93523154e-01 -1.15570977e-01 -3.66562419e-02 -1.56893935e-02
 -4.96717431e-02 -4.64334078e-02 -9.99054536e-02  8.74853414e-03
 -1.16815142e-01  7.89743811e-02 -1.06359415e-01 -3.79062034e-02
  2.73320936e-02 -8.67350996e-02  1.87385902e-01 -2.06943139e-01
  5.42244362e-03 -5.32564484e-02 -8.61438271e-03 -1.34456649e-01
 -2.05815863e-03  3.82704847e-02 -1.42921835e-01  2.54643653e-02
 -6.09427541e-02  1.13503961e-02  7.67090395e-02  7.01714084e-02
 -6.00245968e-03 -2.21927967e-05 -1.03603706e-01  1.08575307e-01
  5.66088185e-02  1.19968750e-01 -8.79412517e-02  1.48330852e-02
  6.38103718e-03 -2.82685943e-02 -7.78667955e-03 -7.20485812e-03
  6.30411273e-03  4.83835191e-02  8.09772983e-02  4.60891686e-02
 -3.42181586e-02 -2.70565152e-02 -1.89244539e-01  1.02616087e-01
 -2.65911430e-01  1.55632794e-02  1.04807474e-01 -5.75982686e-03
 -7.90933743e-02 -3.47574428e-02  1.57439783e-01  6.96438714e-04
  8.46981108e-02 -1.38040125e-01 -5.69592379e-02 -1.35975152e-01
 -9.55385938e-02 -1.33571118e-01 -5.16676269e-02 -1.65585041e-01
 -5.48833944e-02  4.15246077e-02 -1.14711672e-01 -4.26368527e-02
  1.40019720e-02  6.40860817e-04  1.82889208e-01  3.37802589e-01
 -7.88995996e-03 -2.24981219e-01 -6.29956275e-02  7.92279243e-02
 -1.38884827e-01  3.88573557e-02 -8.88298824e-03  7.16183558e-02
  1.13125831e-01 -1.07258357e-01 -4.01223265e-03 -1.42747099e-02
  2.62409076e-02 -1.01216465e-01  3.21163051e-02  1.01605214e-01
 -1.46331966e-01  4.86047119e-02 -8.65486041e-02  1.58397764e-01
 -3.19193713e-02 -8.23763981e-02 -6.57050461e-02  6.21975027e-02
  4.18808460e-02 -4.86393198e-02 -7.29634464e-02 -1.65277328e-02
 -6.04068339e-02  8.81693959e-02 -4.58566211e-02  8.26231465e-02
 -6.88185096e-02 -2.03909144e-01 -1.67886037e-02  1.06440783e-01
 -5.19692935e-02 -1.58235610e-01 -3.76992896e-02  1.57990694e-01
  1.61896273e-02 -9.02467035e-03 -8.50897282e-03 -1.23000845e-01
  1.35935843e-01 -8.50271434e-02 -7.44365007e-02  4.05925103e-02
 -1.90622702e-01  3.80676165e-02 -1.49135783e-01 -2.98491325e-02
  3.81719135e-02 -9.33502614e-02 -2.54726447e-02 -6.99327588e-02
  3.09879164e-04 -5.82122756e-03 -3.03699952e-02  2.75898334e-02
 -7.52201444e-03 -7.86209255e-02  1.33910058e-02  6.28614053e-02
  3.02993171e-02 -9.27647576e-02 -1.12597987e-01  1.21625394e-01
 -1.05720898e-02 -4.80113253e-02 -1.80746213e-01  1.75703093e-02
 -4.73411269e-02 -6.14466071e-02 -2.26793010e-02 -5.58151538e-03
 -7.54738525e-02 -1.53422296e-01 -6.22426495e-02 -8.57170597e-02
 -2.91520171e-02  5.76116741e-02 -5.54709136e-03  2.56543467e-03
 -7.32678026e-02 -1.01539463e-01  8.80338103e-02  5.10741174e-02
 -6.88614249e-02 -1.39869481e-01  6.41330518e-03 -1.63986892e-01
 -1.14815965e-01  2.02342212e-01  1.69356093e-01  1.65394798e-01
  1.91901065e-02  3.06077227e-02 -1.59157619e-01 -3.59226651e-02
 -1.09848656e-01 -1.22413099e-01  5.55819236e-02 -7.62618482e-02
 -3.49547118e-02  1.43288314e-01  7.16471076e-02  5.04762866e-02
 -3.98091339e-02  7.81331807e-02  8.93782824e-02 -6.00011181e-03
  1.34377152e-01 -1.13845780e-01  9.74821970e-02  1.91399769e-03
 -4.63902317e-02  1.65187970e-01  8.76441896e-02  1.11674137e-01
  3.02442517e-02 -1.17640141e-02  1.54768988e-01 -3.31993401e-02
 -8.44034851e-02  2.11222656e-03  2.24715784e-01 -6.96334243e-02
 -4.36359458e-02  4.95144017e-02  3.46002951e-02 -3.39520425e-02
 -1.16001479e-01 -9.73080993e-02 -8.35417360e-02 -6.53273566e-03
  4.92258780e-02 -4.11658883e-02 -4.54627275e-02 -4.87461910e-02
 -1.04912892e-02  6.34230077e-02 -3.56872268e-02  9.38965902e-02
  7.84727409e-02 -6.00254303e-03 -1.54053345e-02 -5.99543005e-03
 -6.45029619e-02 -6.66402793e-03  6.48772418e-02 -1.83701128e-01
  8.23629573e-02  1.24196924e-01 -7.29479268e-02  3.77967581e-02
  1.61550581e-01 -1.29958332e-01 -7.29386955e-02 -9.32603851e-02
 -1.01448558e-02 -6.81076944e-02  1.52795454e-02 -5.13281114e-02
 -5.78413857e-03  9.01368856e-02 -6.83015818e-03  1.06434040e-01
 -4.02513612e-03 -4.23966125e-02 -5.15132435e-02 -8.66456609e-03
  4.24003974e-02 -1.02037594e-01 -8.50594044e-02  1.35491163e-01
 -2.85689048e-02  7.68137574e-02 -7.45482091e-03  1.08785763e-01
 -8.53539854e-02  1.50780976e-01 -1.37716442e-01  6.32560402e-02
 -3.04086417e-01 -8.68842844e-03 -5.99699514e-03  2.73296367e-02
  1.98779345e-01  1.43639117e-01  1.18772462e-01  8.30114037e-02
 -1.75183825e-02 -2.33210791e-02  1.23668768e-01  9.48274322e-03
  3.17163281e-02 -9.94531959e-02 -6.86299149e-03 -6.69932663e-02
 -7.40765408e-02 -9.16213393e-02 -1.12259286e-02  9.37161297e-02
 -1.83705211e-01 -2.21505120e-01  9.73762199e-02 -1.35782525e-01
 -1.92214306e-02 -7.88889173e-03  1.39477819e-01 -6.81474525e-03
 -2.85705160e-02 -1.27500994e-02  6.85397238e-02  3.25450413e-02
  3.31124589e-02 -6.98130950e-03 -1.39834480e-02 -1.90331683e-01
 -1.79087259e-02  6.08745702e-02  2.57098805e-02  2.05690265e-02
  7.15742931e-02 -7.45171756e-02 -1.24605130e-02  4.88881357e-02
  1.00040190e-01  1.59108713e-02  1.14853121e-02 -1.03111282e-01
  1.02330044e-01 -6.33980930e-02 -5.46825416e-02 -3.76191065e-02
  1.11536749e-01  6.16214611e-02  7.72194266e-02 -1.32743165e-01
  1.06398962e-01 -3.00762653e-02 -8.01548138e-02 -2.69730743e-02
  2.13876273e-02  8.05727318e-02 -9.00072381e-02  9.68603268e-02
 -6.19973391e-02 -8.56411681e-02 -1.67145044e-01 -2.09818054e-02
 -1.47805125e-01 -8.77029821e-02 -1.47973552e-01 -1.61545705e-02
 -1.06967129e-02 -4.83534187e-02  1.49824098e-01  3.00494246e-02
 -4.23765788e-03 -8.09099451e-02 -2.60109276e-01 -1.75202321e-02
  9.70946103e-02 -6.16072938e-02 -4.91534919e-02  2.20479637e-01
  3.12088784e-02  4.79456782e-02  1.03665546e-01  4.43144180e-02
  2.09347121e-02  9.60929096e-02  2.24500149e-02 -5.11327200e-02
  8.76286440e-03 -4.04277295e-02 -6.94986060e-02 -7.52653629e-02
 -1.62703827e-01 -6.11752868e-02 -1.19140662e-01  3.85108180e-02
  2.79173851e-01  1.62331369e-02  9.29053277e-02 -5.96391503e-03
  7.93193281e-02  1.52836973e-02 -1.50211072e-02 -6.80809245e-02
 -1.76174380e-02 -1.69272050e-02  7.15993671e-03 -6.95724972e-03
  1.79512817e-02  2.05884486e-01  7.16949403e-02 -4.18696702e-02
  2.39490271e-02  8.44431948e-03  7.39741251e-02  2.65246779e-02
  6.61993846e-02 -1.59279408e-03  7.03692138e-02  4.87396829e-02
 -6.18597008e-02  2.13659350e-02 -8.46884474e-02  1.23166583e-01
 -6.00189902e-03  1.18150592e-01 -1.39435306e-01 -6.13541566e-02
  1.05204642e-01 -1.53428853e-01  1.47473276e-01 -7.29897469e-02
 -1.34476572e-01  5.20172622e-03 -5.11384495e-02 -1.66392013e-01
  6.76242867e-03  2.35047471e-02  2.42043938e-02 -7.01352581e-02
 -2.48844847e-02  1.41666248e-01 -1.82104588e-01  4.08762880e-02
 -6.13330230e-02 -1.30732715e-01 -4.91764396e-02 -2.08833106e-02
 -3.60023007e-02 -5.60318073e-03 -6.77225515e-02  7.58618787e-02
 -7.57185146e-02 -1.33740932e-01 -2.14331467e-02 -1.84592202e-01
 -4.56680842e-02 -3.18227448e-02 -1.21799856e-01  2.51102168e-02
  9.12525579e-02  1.32191673e-01  3.46782058e-02 -1.15973249e-01
 -1.58588871e-01  8.54276028e-03  3.55118476e-02 -5.73811978e-02
 -5.89506254e-02 -9.72461402e-02  4.01963713e-03  1.13426251e-02
  5.60269766e-02  5.44835106e-02 -1.54078409e-01 -7.64754228e-03
 -6.43112957e-02 -8.93071108e-03 -9.95410085e-02  7.24202255e-03
  4.12956700e-02  9.99736115e-02 -1.01985961e-01 -7.41263898e-03
 -1.20696835e-01  4.84226905e-02  5.41967526e-02  4.49440368e-02
  4.91392799e-02 -6.22296426e-03  7.81514943e-02  6.43785149e-02
 -1.16250984e-01  1.67054720e-02  1.05798505e-01 -6.71649678e-03
  6.43160269e-02 -5.60118295e-02 -2.00362150e-02 -6.81969076e-02
 -1.29771838e-02  3.94389667e-02  2.18453899e-01  1.66872069e-01
  1.76359206e-01 -1.17907643e-01 -9.76611823e-02 -7.51076043e-02
 -5.26389740e-02 -2.00534880e-01 -2.07577832e-02  8.03287178e-02
 -1.40996963e-01 -1.83865413e-01  2.53421143e-02  5.98216616e-02
 -6.90109208e-02  1.25054076e-01  8.73917714e-03 -6.31116331e-02
 -1.72772091e-02  1.55487023e-02  6.12660404e-03 -6.28172606e-02
 -5.76448301e-03 -3.13069336e-02 -1.18461081e-04 -8.86253417e-02
 -9.45017710e-02 -1.00640461e-01 -1.02282658e-01 -4.24413718e-02
  2.25778818e-01  1.90563709e-01 -1.25098541e-01  4.49673198e-02
 -1.12382762e-01 -7.08276331e-02  1.48730785e-01  5.59064671e-02
  8.94863233e-02  3.30948047e-02  3.61339264e-02  6.73065260e-02
 -9.10519361e-02  2.84157824e-02 -5.47581092e-02  1.43961911e-03
  1.25546724e-01 -1.34812212e-02  4.21353839e-02 -6.47536619e-03
  7.16360360e-02  8.58077332e-02  1.26377076e-01 -9.52777937e-02
  3.74006033e-02 -4.84867804e-02  8.02942216e-02 -9.95258391e-02
  2.13436410e-02 -2.64434367e-02  6.79009780e-02 -3.06410939e-02
 -1.14013165e-01 -5.22287525e-02 -2.38606799e-02  7.88601041e-02
 -7.28930160e-03 -8.77082199e-02 -6.71695499e-03 -5.10486290e-02
  1.27603501e-01 -5.13455225e-03 -1.70764029e-02 -3.38126235e-02
  1.12039067e-01 -5.85943125e-02  1.34073272e-02 -1.53254606e-02
 -5.52521013e-02 -4.22708355e-02  1.82954714e-01 -7.07724616e-02
 -6.00467529e-03 -2.22053248e-02  1.01223804e-01  1.93019528e-02
 -6.17094561e-02 -2.59422779e-01 -1.17035866e-01 -7.13249668e-02
  1.48721963e-01 -1.02221094e-01 -1.80292502e-01 -4.86508720e-02
 -1.70042180e-02 -1.29926294e-01  1.09922169e-02  5.51546812e-02
  4.27040830e-02 -1.71730861e-01 -5.57109527e-02 -4.56645824e-02
 -7.54448399e-02 -7.83932433e-02 -1.18826002e-01  6.98310807e-02
 -1.52911050e-02 -1.21236883e-01  6.39248490e-02 -4.54367651e-03
 -2.91569461e-03  1.95694089e-01  2.43348554e-02  3.89100648e-02
 -6.80715665e-02 -1.46664143e-01 -3.39460303e-03  4.30223942e-02
  1.64229691e-01 -5.45912515e-03  4.68037575e-02 -1.11384608e-01
 -1.98306158e-01 -1.44743934e-01  3.02357189e-02 -3.06911338e-02
 -1.15658134e-01 -8.44844356e-02  1.08605558e-02  1.76358446e-01
 -1.42595306e-01 -1.35504276e-01  3.34522757e-03  4.23391610e-02
 -6.19461574e-03 -6.77938759e-02  4.76343483e-02 -8.93379599e-02
  3.94394770e-02 -3.62921357e-02 -4.58899513e-03 -3.39106545e-02
  1.19179465e-01  1.08630747e-01  1.40350852e-02  6.46445304e-02
 -3.80295105e-02 -1.09736144e-03 -1.93857979e-02 -1.07288346e-01
  2.19612401e-02 -1.83738545e-01 -9.50762182e-02  1.39296474e-02
 -7.67560303e-02  3.22007239e-02 -6.86909035e-02 -7.16843531e-02
  3.10996808e-02  3.11827734e-02 -3.72342840e-02 -9.90251228e-02
 -3.07146087e-02  8.28961805e-02 -5.25542982e-02 -1.44069204e-02
  1.09757995e-02  8.13411474e-02 -7.22410297e-03  9.77594685e-03
 -2.92359758e-02 -1.22696772e-01  1.22551352e-01 -6.29201531e-02
  1.40287325e-01  1.99171677e-02 -1.55511320e-01 -7.76327103e-02
  8.77697468e-02  4.42289375e-02 -2.05903426e-01 -7.99717903e-02
  1.09889107e-02  1.62391946e-01 -2.46194363e-01  8.63887519e-02
  1.45431891e-01  5.34726195e-02 -1.72651574e-01  5.02015650e-02
 -7.57705942e-02 -8.11924934e-02 -7.06096962e-02 -6.87937438e-02
  3.83600555e-02  1.85325388e-02  3.92482504e-02  4.18280959e-02
 -8.27206969e-02 -7.70313963e-02 -4.45638448e-02 -6.00331789e-03
  2.78505404e-02  1.04639761e-01 -5.98331774e-03 -6.16806969e-02
 -1.58588171e-01 -1.83683373e-02 -7.26955384e-03  1.73467640e-02
 -1.70342147e-01  1.63029090e-01 -1.85774714e-01 -8.41097999e-03
 -2.61994954e-02  1.74321681e-02 -1.50749519e-01 -3.72854881e-02
  8.12731385e-02  5.75940013e-02  3.45923416e-02  1.26543734e-02
 -5.33689233e-03  1.04341783e-01 -6.21813424e-02  8.46698787e-03
 -2.41482761e-02  7.76836202e-02 -6.40000850e-02 -1.89398937e-02
  1.00410126e-01 -2.74666846e-02 -3.56838703e-02  3.47604379e-02
  4.09679972e-02 -1.65558577e-01 -1.32609412e-01  6.93610013e-02
 -1.91098809e-01  3.46532534e-03  1.51201829e-01 -1.85232237e-01
  2.50943657e-02  1.06989190e-01  1.20455168e-01  1.15349125e-02
 -8.36182311e-02 -9.19762328e-02 -8.97478759e-02  5.84581159e-02
 -8.95332694e-02 -1.19689755e-01  3.72065865e-02 -1.18323101e-03
 -7.04659000e-02  4.81707789e-02  7.48210251e-02 -5.43777831e-02
 -1.99832365e-01 -1.30349174e-02 -9.49350744e-02 -7.11278692e-02
 -2.38618195e-01 -4.56005149e-02 -2.97675952e-02  1.42771900e-01
  9.23443213e-02 -4.89659607e-02 -9.42710936e-02  1.74643472e-02
  1.09953023e-01  1.28590003e-01  1.21491186e-01  4.34310697e-02
 -4.97266874e-02  2.51857936e-01  7.50201270e-02 -2.25757957e-02
  2.87890714e-03 -3.53825875e-02  1.32876217e-01 -4.98955362e-02
  8.95195305e-02  7.36501738e-02 -1.14530198e-01 -4.76164222e-02
  1.77875087e-01  2.71791928e-02  6.88661728e-03 -1.35068148e-01
  5.06445915e-02 -9.92408171e-02 -6.17407784e-02 -4.22420260e-03
 -1.07127824e-03  6.12302870e-02 -1.55266724e-03 -1.28005803e-01
 -1.15222678e-01 -9.23750773e-02 -8.66007209e-02 -4.64483276e-02
  2.95537226e-02  1.42051443e-01  2.76449323e-02 -6.55424688e-03
  1.58712372e-01 -1.79863065e-01 -2.07418520e-02  1.05334178e-01
  3.51455584e-02  8.69087223e-03 -1.22291565e-01 -3.27655114e-02
  1.21531822e-01  7.85596147e-02 -5.75330518e-02  8.44252110e-02
  1.19428933e-01 -7.89790079e-02  5.41401468e-02 -7.00855926e-02
 -1.77302301e-01 -5.17030284e-02 -4.72260080e-03  1.69129632e-02
 -8.06959067e-03 -7.76650012e-02 -3.12186982e-02 -3.92491631e-02
 -4.18153107e-02 -1.14898741e-01 -6.67910138e-03  1.59633175e-01
 -2.95725074e-02 -8.30179173e-03  1.03478283e-01  1.47365913e-01
  3.18924128e-03  5.65906428e-02 -2.45388616e-02  5.60986474e-02
  6.29731342e-02  1.07945465e-02  8.79678130e-02 -1.05576299e-01
 -1.24744445e-01 -6.00071810e-03 -2.47394815e-02 -8.42527747e-02
  5.78053901e-03  1.33185014e-01 -7.95831811e-03 -4.70468849e-02
  4.76354361e-02 -3.44377942e-02 -3.68517935e-02  1.08485170e-01
 -6.05497584e-02  2.90921420e-01  1.03080198e-01  1.68021098e-02
  4.82694572e-03  7.46191293e-03  1.33952945e-01  4.21617664e-02
  7.98326656e-02 -9.66483168e-03 -8.01774710e-02  7.07522705e-02
 -1.00070024e-02  1.63317733e-02 -7.13895783e-02 -5.38243614e-02
  5.59563264e-02  1.29125372e-01  1.57910641e-02 -1.04086753e-03
  6.29483536e-03  7.03723729e-02  2.28879089e-03  4.57682647e-02
 -9.57079902e-02  2.15812419e-02  1.47787109e-01 -5.70061468e-02
 -1.80342510e-01 -3.54737118e-02 -6.72422862e-03 -1.52711943e-01
 -5.83385378e-02 -3.39076072e-02  1.38199568e-01  2.05039512e-02
 -3.77173685e-02 -2.81747002e-02 -7.91598111e-02 -3.43285897e-03
  1.33574679e-02 -5.99653367e-03  5.35091013e-03  1.40008077e-01
 -3.03000100e-02  3.33311930e-02 -6.70262612e-03 -1.87626053e-02
 -8.13532844e-02 -8.51349980e-02  1.83567926e-01 -3.83308739e-03
 -9.42542702e-02 -9.07583907e-02 -7.48408437e-02  2.21198741e-02
 -4.30208035e-02 -1.15758013e-02  4.18140218e-02  4.35749721e-03
 -6.10883906e-02  9.86237973e-02  2.23200694e-02 -7.85288773e-03
 -1.73692275e-02 -6.68081641e-02 -2.75886822e-02 -1.77687898e-01
  6.38673156e-02 -1.36975616e-01 -1.62518412e-01 -1.38460204e-01
 -5.84221259e-02 -4.01140116e-02 -1.00947544e-02 -8.00353009e-03
 -1.31591946e-01 -4.25062776e-02  1.28923565e-01 -3.61784324e-02
 -6.77626655e-02 -7.16340244e-02  6.73915222e-02 -1.12084411e-02
  4.22164164e-02 -1.00463204e-01  1.08186737e-01 -2.30446339e-01
 -1.60934180e-01  1.44258812e-01 -1.82731021e-02 -5.75727783e-02
  5.16504645e-02  2.36587033e-01 -7.41176680e-03 -9.67992470e-02
  1.01212308e-01  3.47840972e-02 -3.97647098e-02 -1.23948429e-03
 -5.80941588e-02  1.23802451e-02 -2.40705926e-02  1.03345633e-01
  1.80837393e-01  1.97247285e-02 -5.05454242e-02  1.35709032e-01
 -1.26688685e-02  3.35268602e-02  1.96345404e-01 -3.55618373e-02
  1.84845515e-02 -2.57117152e-02 -1.66934042e-03 -6.74289046e-03
  7.50197098e-03 -1.89057276e-01  7.86433071e-02 -1.19389988e-01
 -4.82342578e-03 -1.07403509e-01 -5.57444654e-02  3.09777469e-03
 -1.57883316e-01 -1.22421179e-02 -8.36622156e-03 -2.11793989e-01
  1.38075473e-02  1.10394478e-01 -5.87143898e-02 -7.54350936e-03]
W2_arr (1000, 10) is [[-0.24042106 -0.5701208  -0.0037618  ...  0.01765055 -0.13797583
  -0.00983254]
 [-0.00201695  0.06826881 -0.14137879 ... -0.09501888  0.04595011
   0.03995121]
 [-0.41811356 -0.10202878  0.08609141 ... -0.131947    0.16470079
  -0.14783561]
 ...
 [-0.08982211 -0.04945226 -0.17502902 ... -0.02843706  0.18559435
  -0.16309196]
 [ 0.01620742 -0.20754464 -0.33376366 ... -0.5542268  -0.1840653
   0.19819504]
 [ 0.00222358 -0.01743141  0.02367116 ...  0.01192287 -0.00959179
  -0.01438715]]
B2_arr (10,) is [-0.06419416 -0.19678071 -0.08042067 -0.13473718  0.06420715 -0.05565884
 -0.01592574 -0.1201181   0.35166565  0.02998813]
